-5.8687305
-5.8714347
-5.8756547
-5.873795
-5.8729496
-5.8738399
-5.8756108
-5.8780532
-5.8714471
-5.8745351
-5.8775353
-5.8787189
-5.8795481
-5.8733082
-5.8755813
-5.8801455
-5.8801513
-5.8844404
-5.8787341
-5.880373
-5.8811765
-5.8842049
-5.8849974
-5.884376
-5.8794942
-5.8822079
-5.8858862
-5.8864608
-5.8855205
-5.8821402
-5.8844557
-5.8881059
-5.8890915
-5.8935142
-5.8858147
-5.8905101
-5.888608
-5.8914003
-5.8921165
-5.893292
-5.8912578
-5.8910089
-5.8933983
-5.8969522
-5.8971539
-5.8917303
-5.8974862
-5.9008255
-5.899446
-5.90206
-5.9037161
-5.9022751
-5.9039102
-5.9018922
-5.9052906
-5.9081702
-5.9069176
-5.9096575
-5.9151707
-5.9145012
-5.9126225
-5.9167185
-5.9186568
-5.9208779
-5.9234743
-5.9240484
-5.9211664
-5.9251556
-5.9292407
-5.9302435
-5.9309821
-5.9341726
-5.9325695
-5.9387159
-5.941195
-5.9430065
-5.9485736
-5.9547129
-5.9603734
-5.9663854
-5.9735041
-5.9772577
-5.9898763
-6.0036745
-6.015945
-6.0219884
-5.9869347
-5.891644
-5.7965951
-5.7523899
-5.7497244
-5.7608266
-5.7760448
-5.7876892
-5.8025484
-5.8161497
-5.8292046
-5.8349366
-5.8429556
-5.851109
-5.8562889
-5.859221
-5.8634105
-5.8646069
-5.8638954
-5.8652029
-5.8632741
-5.8583059
-5.8569651
-5.857554
-5.8585291
-5.8600817
-5.8653555
-5.8690872
-5.8688054
-5.8690476
-5.8734541
-5.8736968
-5.8762169
-5.8786125
-5.8804564
-5.8800459
-5.8796859
-5.8832135
-5.8856974
-5.8867617
-5.8889761
-5.889771
-5.8891878
-5.8893614
-5.8850307
-5.8854847
-5.8875175
-5.8892984
-5.890233
-5.8922572
-5.8939757
-5.8914094
-5.8891592
-5.8916202
-5.8934526
-5.8935952
-5.8944211
-5.8966975
-5.897316
-5.8982592
-5.8955011
-5.8973222
-5.9006968
-5.900476
-5.9003778
-5.8993073
-5.8991904
-5.8962765
-5.8935184
-5.8950796
-5.8961706
-5.8981671
-5.8978343
-5.8985453
-5.8993793
-5.9001651
-5.8996754
-5.8974743
-5.8982735
-5.9000239
-5.9019556
-5.9041362
-5.9018049
-5.9005346
-5.9026089
-5.9041905
-5.9043422
-5.9039345
-5.905159
-5.9070678
-5.9080462
-5.906878
-5.9063892
-5.9079752
-5.9073172
-5.9073787
-5.9072886
-5.9083343
-5.9085364
-5.9080262
-5.907999
-5.9066639
-5.9082279
-5.908596
-5.909142
-5.9092779
-5.9088464
-5.9087877
-5.9116697
-5.9142017
-5.9188223
-5.9219537
-5.9207792
-5.9203057
-5.9186211
-5.9186625
-5.919589
-5.9183984
-5.923305
-5.9248657
-5.9250126
-5.928031
-5.9298458
-5.9334111
-5.9322309
-5.9319491
-5.9363031
-5.9403181
-5.944346
-5.9454455
-5.9510851
-5.9531078
-5.9524546
-5.9479346
-5.9325132
-5.9112949
-5.8945513
-5.8872352
-5.8854847
-5.8862734
-5.8910441
-5.8959622
-5.8986936
-5.9018412
-5.9014659
-5.9028869
-5.9072037
-5.9105158
-5.9121447
-5.9152288
-5.9126806
-5.9172354
-5.9170575
-5.9165673
-5.9174428
-5.9177108
-5.9187703
-5.9179654
-5.9188294
-5.9217176
-5.9218073
-5.9219456
-5.9225459
-5.9216027
-5.9239817
-5.9225821
-5.9231496
-5.923543
-5.9253473
-5.9252825
-5.9270306
-5.9281101
-5.9303808
-5.9295402
-5.9300437
-5.931479
-5.9331255
-5.9309936
-5.92979
-5.9311647
-5.9325485
-5.9343219
-5.9326038
-5.931828
-5.9320531
-5.92835
-5.9289432
-5.9283381
-5.927958
-5.9287872
-5.9293423
-5.9310541
-5.9307113
-5.9300842
-5.9304543
-5.9321098
-5.9338999
-5.9332027
-5.9349546
-5.9352636
-5.9350791
-5.9352441
-5.936904
-5.9371638
-5.9353271
-5.9363794
-5.9388022
-5.9372554
-5.9378843
-5.9402637
-5.9389071
-5.9390697
-5.9390788
-5.9403791
-5.9410853
-5.9417367
-5.9411364
-5.9415274
-5.9422288
-5.9427352
-5.9415998
-5.9426069
-5.9403577
-5.942595
-5.9434628
-5.9460673
-5.9455562
-5.9467025
-5.9475636
-5.9471712
-5.9463267
-5.9488139
-5.9471684
-5.9476805
-5.9479656
-5.9489546
-5.9488125
-5.948637
-5.9492354
-5.9511228
-5.954196
-5.9538999
-5.9524541
-5.950026
-5.9511638
-5.9519424
-5.9524984
-5.9519796
-5.9499092
-5.9509325
-5.9510045
-5.9512634
-5.9527917
-5.9510922
-5.9525676
-5.9529409
-5.9581728
-5.9564667
-5.9589019
-5.9586596
-5.9616971
-5.9617801
-5.9612231
-5.9611688
-5.9624562
-5.9646358
-5.9665995
-5.968101
-5.9689074
-5.9679174
-5.9682174
-5.9692459
-5.9704738
-5.9703803
-5.9718699
-5.9718471
-5.9733081
-5.9748073
-5.9761524
-5.9757638
-5.9783974
