0.03717852
0.035023205
0.031420827
0.033284124
0.034542877
0.033770826
0.03181994
0.028713623
0.035153758
0.031928364
0.028863449
0.027654026
0.027354497
0.033560276
0.032041688
0.027955329
0.027437812
0.023620516
0.029010808
0.026719745
0.025922371
0.022618316
0.021760039
0.021916289
0.02671746
0.024348898
0.020978022
0.020646421
0.022035992
0.025478564
0.023612166
0.019601239
0.018188404
0.013875875
0.020810006
0.016526479
0.017982975
0.015447612
0.014488039
0.013469995
0.01594267
0.01661112
0.014470458
0.011218037
0.010535783
0.015753374
0.0099229822
0.0062534623
0.0071079889
0.0045593409
0.0033821608
0.0044192118
0.0032813759
0.005267384
0.001977995
-0.00047008984
0.00076054607
-0.001765691
-0.0079088947
-0.0070938524
-0.0059330757
-0.010011154
-0.011933944
-0.014555933
-0.016832497
-0.016884064
-0.013524323
-0.017222188
-0.021381682
-0.022356903
-0.02333067
-0.025855977
-0.025010539
-0.031235542
-0.034059741
-0.036510326
-0.041506074
-0.047769401
-0.053460889
-0.056460889
-0.059397295
-0.065984227
-0.069508538
-0.082392775
-0.095976301
-0.10875657
-0.11450581
-0.080170043
0.014565122
0.11020435
0.15435824
0.1568961
0.14616044
0.13121249
0.12026401
0.10527062
0.091900885
0.078851148
0.072717831
0.064709373
0.055706754
0.050631292
0.047487348
0.04336654
0.04176395
0.042485762
0.041667428
0.044111595
0.049356885
0.05063837
0.049990412
0.049372468
0.047439829
0.042062905
0.037743427
0.037859034
0.037618723
0.033272255
0.033117075
0.03091846
0.028893476
0.026723232
0.027380401
0.027923031
0.024785077
0.021933792
0.020611087
0.018028013
0.017119611
0.017121563
0.017151784
0.021812961
0.021387188
0.019440643
0.018251551
0.017691294
0.015519735
0.013788004
0.016462727
0.018309256
0.015243779
0.013547339
0.013182204
0.011804436
0.0097904634
0.0094143301
0.0089895045
0.011842454
0.010410725
0.0075591286
0.0073551913
0.0077390806
0.0081917662
0.0082971118
0.010642617
0.013302646
0.011452367
0.010575018
0.0089232447
0.0095592355
0.0085922591
0.008067688
0.0075631803
0.0081387917
0.01034055
0.0091613159
0.0071219672
0.0048199352
0.0022888894
0.0050480422
0.0059317513
0.0040413672
0.0027919977
0.0030304489
0.0037361428
0.0028659655
0.001089593
-0.00017628516
0.00094521965
0.0009268471
-0.00047198762
-0.00016902815
-0.00092140911
-0.0011080666
-0.0017086193
-0.00113159
-0.00068114355
0.00037123126
-0.00038554729
-0.00064184307
-0.0014549105
-0.0014087447
-0.0013021901
-0.002328478
-0.0050145322
-0.0074650287
-0.012027301
-0.015222499
-0.0135675
-0.012825398
-0.011189966
-0.01100393
-0.011419712
-0.0099310819
-0.014994766
-0.017352756
-0.017789453
-0.020791022
-0.023177523
-0.026560484
-0.025835598
-0.025357489
-0.028974745
-0.032922871
-0.037016995
-0.037982803
-0.043255564
-0.045267541
-0.044526722
-0.040712766
-0.02558607
-0.0042431918
0.012663947
0.01956027
0.021200009
0.020493058
0.016359739
0.011909252
0.0091835828
0.0062979138
0.0068988977
0.0049418909
0.00026915348
-0.0032669345
-0.0048868763
-0.0080049597
-0.0062686019
-0.010190164
-0.010063774
-0.0095265498
-0.010083036
-0.0097309733
-0.010811644
-0.0096993465
-0.010610642
-0.013727874
-0.013998976
-0.014822505
-0.015336801
-0.014958163
-0.017482061
-0.016097194
-0.016171295
-0.016642734
-0.017732445
-0.017962528
-0.019388335
-0.019953046
-0.022397764
-0.021610709
-0.022697262
-0.023995111
-0.026087269
-0.024242254
-0.022827389
-0.024524838
-0.025407564
-0.026756436
-0.025204888
-0.023694256
-0.024377383
-0.020702615
-0.020929854
-0.020594425
-0.020592608
-0.021942545
-0.022780623
-0.024293082
-0.024486443
-0.023179298
-0.023577143
-0.025030227
-0.026308374
-0.025219802
-0.026598198
-0.026809519
-0.026815906
-0.027395479
-0.029145367
-0.029842833
-0.028077167
-0.029800488
-0.032234635
-0.030506432
-0.031499054
-0.033100113
-0.031730477
-0.031205798
-0.031280383
-0.032397248
-0.033279352
-0.034248997
-0.033814911
-0.034501728
-0.035752874
-0.035945211
-0.034899607
-0.035410248
-0.032950494
-0.03489425
-0.035590734
-0.038090177
-0.037520751
-0.038394459
-0.039690934
-0.039130472
-0.038713586
-0.041575212
-0.040281624
-0.040828839
-0.041069709
-0.042146377
-0.042154167
-0.04190987
-0.041660246
-0.043267366
-0.046274666
-0.04588883
-0.04491441
-0.042504173
-0.043762874
-0.044829488
-0.045497093
-0.045303624
-0.043599416
-0.044164903
-0.043933555
-0.043966468
-0.045356303
-0.04316064
-0.044621293
-0.045254454
-0.050287295
-0.04890113
-0.051416013
-0.051810201
-0.054999612
-0.054950669
-0.054358855
-0.054382507
-0.055367623
-0.057607614
-0.058989506
-0.060434356
-0.061198961
-0.060046367
-0.060371257
-0.061542317
-0.063328817
-0.063393719
-0.0649959
-0.065153599
-0.066551365
-0.068092935
-0.069653153
-0.068365879
-0.070625648
