0.02751027835865165
0.0274867679604247
0.02561290506836556
0.02930588427193195
0.03112448213458482
0.03025721355199957
0.02747457128962659
0.02322338915544536
0.02858228482202152
0.02462950535870134
0.02112971425745818
0.02073511069747772
0.02133646153316122
0.02905697969336818
0.02904443527506159
0.0262045649265518
0.02714685682605119
0.02302835320743463
0.02782034948680862
0.02460826404654451
0.02162689820210737
0.01667214997753446
0.01440029741802321
0.01413906615649423
0.01898235249640415
0.01746660383041158
0.01528408371956259
0.0167116667200612
0.01983936663590364
0.02438881187327987
0.02260572646134519
0.0182002083616835
0.01580821456796418
0.009446736648154038
0.01487757299878189
0.009204274387360156
0.01015127822729526
0.007776590822213368
0.00789047401902271
0.008382134729352128
0.01235078228843025
0.01455777504734774
0.01310604709125057
0.01012599658723209
0.00929222291576861
0.01358696044945354
0.005974954095602791
0.001024153148398362
0.0008464227424699148
-0.002369186939052258
-0.003885570093594267
-0.00178421833988305
-0.001839443245818666
0.001951984645677313
-0.001747
-0.001456387444910028
0.0004105399475503531
-0.003096226934303875
-0.010382008869184
-0.01141907841914499
-0.01169888373393108
-0.01729399144810595
-0.01967637598498283
-0.02175774649392114
-0.02305286322727463
-0.02168078713692891
-0.01682781905189662
-0.01867448903155339
-0.02140988052563917
-0.02183120737707985
-0.02288279294262363
-0.02717140632475795
-0.02730787248730755
-0.03538132471692047
-0.03983974047360418
-0.04308957807639393
-0.04891434123132575
-0.05470754370965676
-0.05969590206049519
-0.06422605940109355
-0.0698223936541376
-0.07224349102942548
-0.08434540677157851
-0.09803605178461802
-0.1117501625843934
-0.1194760219797479
-0.08607867285848018
0.007714872227603417
0.1024481782550725
0.1469870433903217
0.1503493457185018
0.1411412312817344
0.1280650899590607
0.1185297253477517
0.1052497477072258
0.09268613316307753
0.07944596288162069
0.07267635779592864
0.06278145617886222
0.0523469518902535
0.04519186924404991
0.04076664676621972
0.03586672412484199
0.03476034857404552
0.03601637005103439
0.03641523007120089
0.04053618571911612
0.04704444497451733
0.04977017626097286
0.04950445093820437
0.04795312541130475
0.04478772669858216
0.03787134773788097
0.03231636527251366
0.03161074335058246
0.03093372420897555
0.02707523368733545
0.02776096378215848
0.02657171941000981
0.0258788289461923
0.02568429137775074
0.02705877590619217
0.02781014753214989
0.02362025117308549
0.01988731338272927
0.01684204260739494
0.01248834122942001
0.01007252196425164
0.009739390801225052
0.009591085250015355
0.01477731636132591
0.01569370624498049
0.01533331260855648
0.01588921692628368
0.01659238653076821
0.01552083408045307
0.01377582812341833
0.01532033057016596
0.01578029522493844
0.01110120074346203
0.007924810735642681
0.006580520144949972
0.005425682509596459
0.003429562514679401
0.004095299163569979
0.005287752739207156
0.009620652459744682
0.009777820635633776
0.007497971382509401
0.007934445867913894
0.007481542900968583
0.007132226367354207
0.005534690839422087
0.006646981536879452
0.007817446503353406
0.005371617185244693
0.004250280113039428
0.003091976407347818
0.004487397584443674
0.005200413416732824
0.006147552891437483
0.006458779942112326
0.007356198832468144
0.008847507372843863
0.006619079386410128
0.00296977579948759
-0.0008144948017505704
-0.004632314125956753
-0.002880699176811048
-0.001849590190221829
-0.002781875013701984
-0.002821833010434343
-0.0008457107145204441
0.001835691174008685
0.002631773423646854
0.001765893059951916
0.001037429454238585
0.001469999920748427
0.0003667275130020504
-0.00281784340464202
-0.004218032718486073
-0.005719687183425122
-0.006794791721331198
-0.007679081021717539
-0.00768499856865644
-0.005758024440704229
-0.00413204091593424
-0.001423019191643888
-0.001509631790230735
-0.001284360244035526
-0.002196304564049331
-0.003535789510124606
-0.004599278810746943
-0.006606554231227533
-0.01057251510996144
-0.01380670358953793
-0.01838957434340394
-0.02063674555525123
-0.01790417069505763
-0.01527150336248958
-0.01184896166218969
-0.01039263264414837
-0.01032410040308792
-0.009205343074706031
-0.01498680123619602
-0.01871258862522487
-0.02112682518017913
-0.0262972795654333
-0.02967071784995402
-0.03425576368190297
-0.03348602053286121
-0.03242105726537507
-0.03523722804745799
-0.03753923626061341
-0.03980184896197318
-0.03911375318630416
-0.04374747692570191
-0.04578554583438898
-0.04582430129469656
-0.04304168529485392
-0.02936655810368117
-0.00950317041529811
0.006283820363038983
0.01339483493093745
0.01551797063030364
0.0159755728336503
0.01306310888607469
0.01017039122780986
0.008937946404935261
0.006996644362822164
0.007676821011175928
0.005442409608587506
-0.0002534295158904991
-0.005532223602635522
-0.009006565986151583
-0.01347779992171746
-0.01248393386018336
-0.0168376255705165
-0.01640544797559579
-0.01458648568869243
-0.01345428148041615
-0.01185618716943382
-0.01137359433340846
-0.009305029225482738
-0.01033168072449337
-0.01406506309730921
-0.01605415159484034
-0.01852746204970506
-0.02099778201926691
-0.0216605544209198
-0.02487888218905864
-0.02328664686556993
-0.02288101287078097
-0.02174615847305405
-0.0212094362570764
-0.01955948241800085
-0.01977862392059947
-0.01949143814363568
-0.02188213913983354
-0.02165996491679001
-0.0238163125012175
-0.02684130166525768
-0.03022298050080655
-0.02962628729745084
-0.02868886771889867
-0.03044674310855383
-0.03066113419736254
-0.03094524712808819
-0.02766518519463695
-0.02524268854515124
-0.02433600147946596
-0.0203613966335344
-0.02104319715881683
-0.02192450365532835
-0.0235138714387027
-0.02648383478717426
-0.02849012635925158
-0.03084578589258042
-0.03086977405849761
-0.02929529612586988
-0.02803145653848618
-0.0278915235482952
-0.02752996155886975
-0.02479206799831319
-0.0252663809937782
-0.02489954611490449
-0.02506569280136709
-0.02694623033950432
-0.03078947237998328
-0.03284923997778527
-0.03297093635023045
-0.03585468784904792
-0.03886882191544009
-0.03741115666814461
-0.03728637724923636
-0.03811702235417028
-0.03499460639630684
-0.03345048795911063
-0.03254179501478234
-0.03324118267602565
-0.03445791225268172
-0.03639252113294371
-0.03731478774385498
-0.03927052681864646
-0.04145001654918563
-0.04227315091942185
-0.04102567498243046
-0.04073065168504009
-0.03702806879705077
-0.03712108852003044
-0.03603778671276824
-0.03745598933618207
-0.03588864375104996
-0.03694087595224367
-0.03847630442577849
-0.03954685628086945
-0.04116518242978132
-0.04565919589642128
-0.04585700261257028
-0.04738612120164735
-0.04826968883408574
-0.04854527073825457
-0.04726857774880674
-0.04532551905061999
-0.04383764399797672
-0.04415341564464691
-0.04601126876947763
-0.04539334928206298
-0.04485151235550523
-0.04378755612429039
-0.0466658294345692
-0.04930394510936476
-0.05109993776327239
-0.05176706255388783
-0.04979094436798246
-0.05007170099116241
-0.04877147949044845
-0.04714591186237908
-0.04680082337469648
-0.04402196958802494
-0.04471403516244642
-0.04484960866915222
-0.05070688178411516
-0.05088169184971392
-0.05482754278467105
-0.05668932088351373
-0.06125248144383541
-0.06170616346800026
-0.06125488034011445
-0.06057037528595743
-0.06058319978161968
-0.06089875216339769
-0.06099158045338533
-0.060920317358065
-0.06083897373330188
-0.05952662273065328
-0.06045805014680094
-0.06338417239281056
-0.06658058253961978
-0.06835981323552361
-0.07145247572536162
-0.07198782715540095
-0.07341351200080837
-0.07419519655421433
-0.07424022624027903
-0.07163549781103466
-0.07237595387162087
