925.094
925.206
925.322
925.446
925.582
925.732
925.896
926.072
926.24
926.402
926.559
926.698
926.828
926.956
927.074
927.2
927.336
927.484
927.647
927.819
928
928.178
928.349
928.511
928.662
928.795
928.924
929.045
929.164
929.297
929.439
929.6
929.77
929.948
930.13
930.294
930.458
930.602
930.74
930.866
930.989
931.111
931.247
931.389
931.548
931.714
931.891
932.064
932.236
932.395
932.543
932.683
932.811
932.935
933.065
933.194
933.336
933.497
933.672
933.846
934.027
934.198
934.355
934.503
934.634
934.756
934.878
934.998
935.128
935.27
935.425
935.59
935.765
935.943
936.121
936.292
936.445
936.59
936.731
936.859
936.988
937.119
937.261
937.41
937.58
937.754
937.928
938.099
938.254
938.399
938.539
938.662
938.782
938.901
939.029
939.164
939.317
939.482
939.658
939.841
940.019
940.19
940.351
940.499
940.642
940.767
940.886
941.014
941.144
941.289
941.448
941.621
941.794
941.97
942.134
942.291
942.433
942.569
942.7
942.826
942.953
943.089
943.233
943.393
943.56
943.739
943.919
944.093
944.256
944.405
944.543
944.673
944.8
944.916
945.043
945.179
945.33
945.494
945.67
945.851
946.021
946.188
946.342
946.488
946.62
946.74
946.867
946.989
947.123
947.27
947.428
947.598
947.773
947.949
948.121
948.284
948.434
948.572
948.707
948.837
948.961
949.096
949.24
949.4
949.57
949.747
949.924
950.097
950.256
950.409
950.543
950.671
950.79
950.908
951.029
951.164
951.311
951.471
951.644
951.817
951.996
952.167
952.333
952.481
952.628
952.758
952.885
953.015
953.144
953.286
953.441
953.608
953.78
953.959
954.125
954.285
954.434
954.571
954.699
954.818
954.944
955.072
955.208
955.359
955.521
955.702
955.885
956.065
956.238
956.402
956.558
956.697
956.825
956.951
957.075
957.2
957.335
957.486
957.646
957.82
957.995
958.165
958.328
958.481
958.626
958.758
958.882
959.003
959.131
959.264
959.41
959.571
959.741
959.919
960.095
960.265
960.438
960.585
960.731
960.862
960.983
961.107
961.235
961.367
961.519
961.681
961.858
962.041
962.218
962.391
962.553
962.7
962.836
962.965
963.081
963.209
963.337
963.467
963.619
963.778
963.951
964.124
964.299
964.471
964.625
964.78
964.913
965.042
965.17
965.296
965.43
965.576
965.727
965.899
966.077
966.257
966.428
966.587
966.743
966.879
967.006
967.13
967.249
967.37
967.502
967.642
967.797
967.972
968.153
968.329
968.507
968.683
968.841
968.992
969.132
969.26
969.384
969.51
969.647
969.788
969.946
970.114
970.286
970.458
970.629
970.784
970.932
971.063
971.193
971.312
971.434
971.567
971.702
971.851
972.01
972.181
972.367
972.545
972.722
972.886
973.045
973.184
973.318
973.443
973.563
973.691
973.823
973.969
974.132
974.301
974.476
974.653
974.82
974.987
975.139
975.278
975.408
975.531
975.655
975.789
975.928
976.075
976.234
976.411
976.582
976.762
976.934
977.089
977.241
977.382
977.514
977.637
977.76
977.888
978.025
978.17
978.329
978.507
978.685
978.861
979.034
979.192
979.342
979.482
979.613
979.731
979.854
